p 0 -10.0 -10.0
p 0 -10.0 -9.0
p 0 -10.0 -8.0
p 0 -10.0 -7.0
p 0 -10.0 -6.0
p 0 -10.0 -5.0
p 0 -10.0 -4.0
p 0 -10.0 -3.0
p 0 -10.0 -2.0
p 0 -10.0 -1.0
p 0 -10.0 0.0
p 0 -10.0 1.0
p 0 -10.0 2.0
p 0 -10.0 3.0
p 0 -10.0 4.0
p 0 -10.0 5.0
p 0 -10.0 6.0
p 0 -10.0 7.0
p 0 -10.0 8.0
p 0 -10.0 9.0
p 0 -10.0 10.0
p 0 -9.0 -10.0
p 0.4997629714795633 -9.0 -9.0
p -0.2996639512684607 -9.0 -8.0
p -0.3849947862912292 -9.0 -7.0
p -0.43030286425188496 -9.0 -6.0
p 0.10696631687563005 -9.0 -5.0
p 0.6193391173367989 -9.0 -4.0
p 0.25849445541688754 -9.0 -3.0
p 0.5081358990001235 -9.0 -2.0
p 0.7415927373121397 -9.0 -1.0
p -0.4238728245001956 -9.0 0.0
p 0.3853489149948084 -9.0 1.0
p -0.6095425179545536 -9.0 2.0
p -0.10354890310338583 -9.0 3.0
p 0.6160376094444117 -9.0 4.0
p 0.09503393132992957 -9.0 5.0
p -0.6536569647472003 -9.0 6.0
p 0.2507890001419809 -9.0 7.0
p -0.5361625983915872 -9.0 8.0
p 0.2927375870408546 -9.0 9.0
p 0.582332232009385 -9.0 10.0
p 0 -8.0 -10.0
p 0.8509804756711735 -8.0 -9.0
p -0.08130895210644018 -8.0 -8.0
p -0.6423588492421751 -8.0 -7.0
p -1.0420504718859576 -8.0 -6.0
p -1.0451420575694073 -8.0 -5.0
p 0.33999004384113196 -8.0 -4.0
p -0.2739798395430246 -8.0 -3.0
p -0.3852152360382056 -8.0 -2.0
p 0.5451167301371654 -8.0 -1.0
p -0.00932493173501675 -8.0 0.0
p 0.1890949089900707 -8.0 1.0
p 0.5076487434760716 -8.0 2.0
p -0.14787348165461534 -8.0 3.0
p 0.15623136813195398 -8.0 4.0
p 0.7905683109201529 -8.0 5.0
p 0.7424040295892156 -8.0 6.0
p -0.29344631945553173 -8.0 7.0
p -0.22202389201738626 -8.0 8.0
p 0.25171887907370605 -8.0 9.0
p -0.04465164733292304 -8.0 10.0
p 0 -7.0 -10.0
p 0.87545722892649 -7.0 -9.0
p 0.25370572775451417 -7.0 -8.0
p -0.44988132636399036 -7.0 -7.0
p -1.3669424300421151 -7.0 -6.0
p -0.6524146063215521 -7.0 -5.0
p 0.23694726904728441 -7.0 -4.0
p 0.24799724402261158 -7.0 -3.0
p -0.3525544045580784 -7.0 -2.0
p -0.09528787540256538 -7.0 -1.0
p 0.813092960799535 -7.0 0.0
p -0.0015124537220493894 -7.0 1.0
p 0.5642753306674384 -7.0 2.0
p -0.2266417904271733 -7.0 3.0
p -0.6063714903220824 -7.0 4.0
p 0.48124589006887447 -7.0 5.0
p 0.16676854209300151 -7.0 6.0
p -0.1326888117698657 -7.0 7.0
p 0.37103989054784103 -7.0 8.0
p 0.17646900971045396 -7.0 9.0
p -0.28255662541376325 -7.0 10.0
p 0 -6.0 -10.0
p 0.08398452935553574 -6.0 -9.0
p -0.0035821061383887187 -6.0 -8.0
p -0.768342000724378 -6.0 -7.0
p -1.4003027068306997 -6.0 -6.0
p -0.8860533740384242 -6.0 -5.0
p -0.9624787010971991 -6.0 -4.0
p -0.3615220325135249 -6.0 -3.0
p -0.2241434136966218 -6.0 -2.0
p -0.7842658221474426 -6.0 -1.0
p -0.12217074439343452 -6.0 0.0
p -0.5169307684824114 -6.0 1.0
p 0.662449654178458 -6.0 2.0
p 0.296021006968225 -6.0 3.0
p 0.1018521935983828 -6.0 4.0
p 0.530180946211838 -6.0 5.0
p 0.4962543061718945 -6.0 6.0
p 0.7451823722796848 -6.0 7.0
p -0.23492922071675537 -6.0 8.0
p -0.31039353590630797 -6.0 9.0
p -0.8729160162098907 -6.0 10.0
p 0 -5.0 -10.0
p 0.6511592506032065 -5.0 -9.0
p 0.1449130219500554 -5.0 -8.0
p 0.03599297799562784 -5.0 -7.0
p -0.8586221191108324 -5.0 -6.0
p -0.5138849401729562 -5.0 -5.0
p -1.2047094765227033 -5.0 -4.0
p -0.4619412801022422 -5.0 -3.0
p 0.045878633599745644 -5.0 -2.0
p -0.8234781215404663 -5.0 -1.0
p -0.3610784168299289 -5.0 0.0
p -0.9526111839849494 -5.0 1.0
p -0.16291789785040528 -5.0 2.0
p 0.708925526046261 -5.0 3.0
p 0.5538974611040324 -5.0 4.0
p -0.10672216146087377 -5.0 5.0
p 1.0143933665837128 -5.0 6.0
p 1.3268606790219342 -5.0 7.0
p 0.20496394825321462 -5.0 8.0
p 0.32613788161818974 -5.0 9.0
p 0.45634574142756695 -5.0 10.0
p 0 -4.0 -10.0
p 0.22635490416683415 -4.0 -9.0
p -0.204449012991126 -4.0 -8.0
p -0.7130028748239066 -4.0 -7.0
p 0.09688697789599165 -4.0 -6.0
p -0.1935111286374362 -4.0 -5.0
p -0.3253512707061227 -4.0 -4.0
p -0.9095328784996886 -4.0 -3.0
p -0.7768394845200102 -4.0 -2.0
p -0.5750975272981297 -4.0 -1.0
p -0.5382513498674829 -4.0 0.0
p -0.0029442586895708223 -4.0 1.0
p -0.06495844876126272 -4.0 2.0
p -0.018545888210961287 -4.0 3.0
p -0.14759350166469037 -4.0 4.0
p 0.4050884089635127 -4.0 5.0
p 0.7745383276138922 -4.0 6.0
p 0.41453850015819294 -4.0 7.0
p 0.8449006526489421 -4.0 8.0
p 0.8865865272178202 -4.0 9.0
p -0.10151590345549022 -4.0 10.0
p 0 -3.0 -10.0
p -0.3081442937001942 -3.0 -9.0
p -0.09728062390393584 -3.0 -8.0
p 0.19822174371448265 -3.0 -7.0
p -0.16836601865017406 -3.0 -6.0
p -0.19864888725953994 -3.0 -5.0
p -0.7753130191590359 -3.0 -4.0
p -1.0856970728631379 -3.0 -3.0
p -0.28915817003494615 -3.0 -2.0
p -0.8199618047252344 -3.0 -1.0
p -1.0692752233466605 -3.0 0.0
p -1.252156816744726 -3.0 1.0
p 0.25344201402699024 -3.0 2.0
p -0.1760673538336321 -3.0 3.0
p -0.738551589649485 -3.0 4.0
p 0.5833101314112672 -3.0 5.0
p 0.09551331320088724 -3.0 6.0
p 0.7282769461414831 -3.0 7.0
p 0.05453669571943853 -3.0 8.0
p 1.2581448102315385 -3.0 9.0
p 0.7760908399140292 -3.0 10.0
p 0 -2.0 -10.0
p 0.09956237341495983 -2.0 -9.0
p 0.25946653631261357 -2.0 -8.0
p -0.4198005822614118 -2.0 -7.0
p 0.22231420651450515 -2.0 -6.0
p 0.35950775167317606 -2.0 -5.0
p -0.8553430454095017 -2.0 -4.0
p -1.3455316566664302 -2.0 -3.0
p -1.3798877504892797 -2.0 -2.0
p -0.6407491234780874 -2.0 -1.0
p -1.1753205967730507 -2.0 0.0
p -1.1864806313653042 -2.0 1.0
p -0.6526291156442937 -2.0 2.0
p -0.8554956972047538 -2.0 3.0
p -1.2198831150809384 -2.0 4.0
p -0.5185409970410015 -2.0 5.0
p -0.6101889325191648 -2.0 6.0
p -0.30584173181124125 -2.0 7.0
p -0.33504584729523723 -2.0 8.0
p 0.8536478863940928 -2.0 9.0
p 0.5761240966297902 -2.0 10.0
p 0 -1.0 -10.0
p 0.02697192699967882 -1.0 -9.0
p -0.587078849663744 -1.0 -8.0
p 0.25235490730843757 -1.0 -7.0
p -0.2862263243771011 -1.0 -6.0
p -0.3437693295851446 -1.0 -5.0
p 0.15613410191879568 -1.0 -4.0
p -1.2874170863977317 -1.0 -3.0
p -1.8538903771257123 -1.0 -2.0
p -1.5528506852626072 -1.0 -1.0
p -0.4759388458012892 -1.0 0.0
p -1.2885226336163509 -1.0 1.0
p -1.6453588147378078 -1.0 2.0
p -1.7477071520344971 -1.0 3.0
p -0.8170526118085932 -1.0 4.0
p -0.8356270066237966 -1.0 5.0
p -0.5113244286555746 -1.0 6.0
p -0.23233373809705427 -1.0 7.0
p -0.5234408372615125 -1.0 8.0
p 0.2936478981774208 -1.0 9.0
p -0.04834695051169635 -1.0 10.0
p 0 0.0 -10.0
p -0.3510266390947955 0.0 -9.0
p 0.36590120193882025 0.0 -8.0
p -0.40228814375048594 0.0 -7.0
p 0.32752704550166983 0.0 -6.0
p 0.038287057601325836 0.0 -5.0
p -0.5889818670680269 0.0 -4.0
p -1.1892270667137426 0.0 -3.0
p -1.3567947570015861 0.0 -2.0
p -1.7881531815520462 0.0 -1.0
p -1.4918545006338308 0.0 0.0
p -1.1041731623988615 0.0 1.0
p -1.5915101275755414 0.0 2.0
p -1.7080516380330824 0.0 3.0
p -1.2742138363792659 0.0 4.0
p -1.7238333118913753 0.0 5.0
p -1.3319302577934153 0.0 6.0
p -1.3578914211980642 0.0 7.0
p -0.47795638065410107 0.0 8.0
p -0.18169604282268104 0.0 9.0
p -0.20506507976114483 0.0 10.0
p 0 1.0 -10.0
p 0.22193186653224023 1.0 -9.0
p 0.01118096313286511 1.0 -8.0
p 0.4130892439029068 1.0 -7.0
p 0.38114663617885847 1.0 -6.0
p 0.27555536024599514 1.0 -5.0
p -0.7497456342708908 1.0 -4.0
p -1.4038238145107638 1.0 -3.0
p -1.8565816449813903 1.0 -2.0
p -1.8534279342673954 1.0 -1.0
p -2.1500421991521774 1.0 0.0
p -1.1235481952628323 1.0 1.0
p -1.163978308574886 1.0 2.0
p -0.9847596088985613 1.0 3.0
p -0.821776639715246 1.0 4.0
p -1.9544483643054058 1.0 5.0
p -0.9989419865273601 1.0 6.0
p -1.1310511939623598 1.0 7.0
p -1.563719959997929 1.0 8.0
p -0.9645263400290107 1.0 9.0
p -0.658319523867033 1.0 10.0
p 0 2.0 -10.0
p 0.4731377359058596 2.0 -9.0
p 0.04186880167889187 2.0 -8.0
p 0.2333131730019602 2.0 -7.0
p 0.5902169577773368 2.0 -6.0
p 0.28193191646247456 2.0 -5.0
p -0.2251887197963129 2.0 -4.0
p -1.3163471807944669 2.0 -3.0
p -0.8940006431747411 2.0 -2.0
p -1.4529101510952134 2.0 -1.0
p -2.3768811380407 2.0 0.0
p -1.2404994816638069 2.0 1.0
p -1.2324467799872998 2.0 2.0
p -0.6735912919741827 2.0 3.0
p -0.17486491519503755 2.0 4.0
p -1.3337481593347713 2.0 5.0
p -2.027068982358716 2.0 6.0
p -1.7909264253606894 2.0 7.0
p -2.0035956496167993 2.0 8.0
p -1.9788595928079302 2.0 9.0
p -1.442576451473879 2.0 10.0
p 0 3.0 -10.0
p -0.3722308512952456 3.0 -9.0
p 0.4759013575690631 3.0 -8.0
p 0.999236805712368 3.0 -7.0
p 0.2877859659826542 3.0 -6.0
p 0.07499061877433438 3.0 -5.0
p 0.3594159598874345 3.0 -4.0
p -0.013172708031848168 3.0 -3.0
p -1.4180383949464663 3.0 -2.0
p -0.6895316814752672 3.0 -1.0
p -0.8043554988656403 3.0 0.0
p -1.5946450887156585 3.0 1.0
p -0.7188232003890684 3.0 2.0
p -0.8914809587890622 3.0 3.0
p -0.4471522126623786 3.0 4.0
p -0.15763587706782967 3.0 5.0
p -0.649904631435744 3.0 6.0
p -0.9332843188363338 3.0 7.0
p -1.3246575922276966 3.0 8.0
p -1.3550501425987975 3.0 9.0
p -1.7885905757742089 3.0 10.0
p 0 4.0 -10.0
p 0.017038542348509725 4.0 -9.0
p -0.3142995040637961 4.0 -8.0
p 0.48478132395210344 4.0 -7.0
p 0.21264614886506034 4.0 -6.0
p 0.43072835254115904 4.0 -5.0
p 0.1870628202609615 4.0 -4.0
p 0.8371994264413148 4.0 -3.0
p -0.18485776552130825 4.0 -2.0
p -0.3097599617384924 4.0 -1.0
p -0.5682427510717551 4.0 0.0
p -1.2948879642646174 4.0 1.0
p -0.5387150615949872 4.0 2.0
p -1.2554946817510126 4.0 3.0
p -0.5954177671797863 4.0 4.0
p 0.09827071617806543 4.0 5.0
p -0.8763059869372024 4.0 6.0
p -1.262990900580046 4.0 7.0
p -0.44272045208421384 4.0 8.0
p -1.7140439229618984 4.0 9.0
p -0.9389016729551753 4.0 10.0
p 0 5.0 -10.0
p -0.4045226025443529 5.0 -9.0
p 0.4769421609560578 5.0 -8.0
p 0.30141841088066335 5.0 -7.0
p -0.20723870753501572 5.0 -6.0
p 0.24881460917002451 5.0 -5.0
p -0.010240663143567474 5.0 -4.0
p 0.12925244694293098 5.0 -3.0
p 0.11031519519630861 5.0 -2.0
p -0.16038553597668578 5.0 -1.0
p -0.3820344559577032 5.0 0.0
p -1.1137174467690094 5.0 1.0
p -1.349506376864257 5.0 2.0
p -1.5348043611736277 5.0 3.0
p -1.3530318436243007 5.0 4.0
p -1.3375161576151635 5.0 5.0
p -0.972658465298702 5.0 6.0
p -0.3279963613080963 5.0 7.0
p -0.3640158564309337 5.0 8.0
p -1.2826923180282694 5.0 9.0
p -0.7242526923632806 5.0 10.0
p 0 6.0 -10.0
p -0.8812097053005253 6.0 -9.0
p -0.5967015072090569 6.0 -8.0
p -0.5615203899963017 6.0 -7.0
p -0.4505359634177086 6.0 -6.0
p 0.05716547805470168 6.0 -5.0
p -0.5399298096816718 6.0 -4.0
p -0.21847699105828042 6.0 -3.0
p 0.4942342457781631 6.0 -2.0
p -0.2995943195474827 6.0 -1.0
p 0.4053186570917506 6.0 0.0
p -0.828947804752802 6.0 1.0
p -1.3181017855634907 6.0 2.0
p -1.6402141011819766 6.0 3.0
p -1.207001704579344 6.0 4.0
p -0.9413856886508563 6.0 5.0
p -1.5369577116343582 6.0 6.0
p -0.8489929086445491 6.0 7.0
p -1.156614771344037 6.0 8.0
p -1.2537898500975992 6.0 9.0
p -0.7399214455058081 6.0 10.0
p 0 7.0 -10.0
p -0.665365300759622 7.0 -9.0
p -0.7020501641708382 7.0 -8.0
p -0.7090104307434252 7.0 -7.0
p -0.32787067340493303 7.0 -6.0
p -0.25875168728743214 7.0 -5.0
p 0.3480519114326489 7.0 -4.0
p -0.10939553161924939 7.0 -3.0
p 0.5744523339337003 7.0 -2.0
p 0.6070824935698753 7.0 -1.0
p 0.06067723521620061 7.0 0.0
p -0.7488546484399983 7.0 1.0
p -1.6065907007800933 7.0 2.0
p -2.0452169606415698 7.0 3.0
p -1.75260787226048 7.0 4.0
p -1.5351854494716295 7.0 5.0
p -2.0577710854679867 7.0 6.0
p -1.4210267600598534 7.0 7.0
p -1.70335243879589 7.0 8.0
p -0.6361460151746687 7.0 9.0
p -0.9145766698415667 7.0 10.0
p 0 8.0 -10.0
p -0.8707649442857838 8.0 -9.0
p -0.9967679667942709 8.0 -8.0
p -1.3298955385027882 8.0 -7.0
p -0.39975783016044375 8.0 -6.0
p -0.7772035112745633 8.0 -5.0
p -0.005416298451765944 8.0 -4.0
p -0.5539005107333083 8.0 -3.0
p -0.7004134699320252 8.0 -2.0
p 0.5305130539034713 8.0 -1.0
p -0.13470541182742246 8.0 0.0
p 0.3089124426676624 8.0 1.0
p -0.5753000926103714 8.0 2.0
p -1.4307809825095608 8.0 3.0
p -1.3708617293028684 8.0 4.0
p -1.9331394470981 8.0 5.0
p -2.476396829447525 8.0 6.0
p -1.9427899806201692 8.0 7.0
p -1.5161571695776157 8.0 8.0
p -1.8703983031781233 8.0 9.0
p -0.9668051986394013 8.0 10.0
p 0 9.0 -10.0
p 0.1803405153612097 9.0 -9.0
p -0.21383025244564047 9.0 -8.0
p -0.8759425811130731 9.0 -7.0
p -0.817947740355678 9.0 -6.0
p -1.0283898555511157 9.0 -5.0
p -0.27937757838719424 9.0 -4.0
p -0.9676792689299463 9.0 -3.0
p -1.4132719944920278 9.0 -2.0
p -0.6730010289979083 9.0 -1.0
p -0.7018704090827094 9.0 0.0
p -0.8750566199864418 9.0 1.0
p -0.26678044788345373 9.0 2.0
p -0.4295820736279389 9.0 3.0
p -0.65202038943288 9.0 4.0
p -1.2095249099345138 9.0 5.0
p -1.5947153462771706 9.0 6.0
p -1.790793118592417 9.0 7.0
p -1.5951113474527108 9.0 8.0
p -1.0648638096929774 9.0 9.0
p -1.7282753832440532 9.0 10.0
p 0 10.0 -10.0
p -0.45968487207752096 10.0 -9.0
p -0.4593612049856659 10.0 -8.0
p -0.26516311936870796 10.0 -7.0
p -1.4025674531790582 10.0 -6.0
p -1.0823691917423126 10.0 -5.0
p -0.29981196327404536 10.0 -4.0
p -0.005631939852991263 10.0 -3.0
p -0.38558210326570264 10.0 -2.0
p -0.3159312900322515 10.0 -1.0
p -1.1438458319305667 10.0 0.0
p -0.23295235500819433 10.0 1.0
p -0.7130042275636631 10.0 2.0
p -1.0345463909449546 10.0 3.0
p -0.9024479525178936 10.0 4.0
p -1.4972682621487443 10.0 5.0
p -1.5053950765652928 10.0 6.0
p -1.2952628156563009 10.0 7.0
p -1.2428664130145335 10.0 8.0
p -1.8326581479644968 10.0 9.0
p -1.7667242108956827 10.0 10.0
e 23 22 1
e 23 2 1
e 44 43 22
e 44 23 22
e 65 64 43
e 65 44 43
e 86 85 64
e 86 65 64
e 107 106 85
e 107 86 85
e 128 127 106
e 128 107 106
e 149 148 127
e 149 128 127
e 170 169 148
e 170 149 148
e 191 190 169
e 191 170 169
e 212 211 190
e 212 191 190
e 233 232 211
e 233 212 211
e 254 253 232
e 254 233 232
e 275 274 253
e 275 254 253
e 296 295 274
e 296 275 274
e 317 316 295
e 317 296 295
e 338 337 316
e 338 317 316
e 359 358 337
e 359 338 337
e 380 379 358
e 380 359 358
e 401 400 379
e 401 380 379
e 422 421 400
e 422 401 400
e 24 23 2
e 24 3 2
e 45 44 23
e 45 24 23
e 66 65 44
e 66 45 44
e 87 86 65
e 87 66 65
e 108 107 86
e 108 87 86
e 129 128 107
e 129 108 107
e 150 149 128
e 150 129 128
e 171 170 149
e 171 150 149
e 192 191 170
e 192 171 170
e 213 212 191
e 213 192 191
e 234 233 212
e 234 213 212
e 255 254 233
e 255 234 233
e 276 275 254
e 276 255 254
e 297 296 275
e 297 276 275
e 318 317 296
e 318 297 296
e 339 338 317
e 339 318 317
e 360 359 338
e 360 339 338
e 381 380 359
e 381 360 359
e 402 401 380
e 402 381 380
e 423 422 401
e 423 402 401
e 25 24 3
e 25 4 3
e 46 45 24
e 46 25 24
e 67 66 45
e 67 46 45
e 88 87 66
e 88 67 66
e 109 108 87
e 109 88 87
e 130 129 108
e 130 109 108
e 151 150 129
e 151 130 129
e 172 171 150
e 172 151 150
e 193 192 171
e 193 172 171
e 214 213 192
e 214 193 192
e 235 234 213
e 235 214 213
e 256 255 234
e 256 235 234
e 277 276 255
e 277 256 255
e 298 297 276
e 298 277 276
e 319 318 297
e 319 298 297
e 340 339 318
e 340 319 318
e 361 360 339
e 361 340 339
e 382 381 360
e 382 361 360
e 403 402 381
e 403 382 381
e 424 423 402
e 424 403 402
e 26 25 4
e 26 5 4
e 47 46 25
e 47 26 25
e 68 67 46
e 68 47 46
e 89 88 67
e 89 68 67
e 110 109 88
e 110 89 88
e 131 130 109
e 131 110 109
e 152 151 130
e 152 131 130
e 173 172 151
e 173 152 151
e 194 193 172
e 194 173 172
e 215 214 193
e 215 194 193
e 236 235 214
e 236 215 214
e 257 256 235
e 257 236 235
e 278 277 256
e 278 257 256
e 299 298 277
e 299 278 277
e 320 319 298
e 320 299 298
e 341 340 319
e 341 320 319
e 362 361 340
e 362 341 340
e 383 382 361
e 383 362 361
e 404 403 382
e 404 383 382
e 425 424 403
e 425 404 403
e 27 26 5
e 27 6 5
e 48 47 26
e 48 27 26
e 69 68 47
e 69 48 47
e 90 89 68
e 90 69 68
e 111 110 89
e 111 90 89
e 132 131 110
e 132 111 110
e 153 152 131
e 153 132 131
e 174 173 152
e 174 153 152
e 195 194 173
e 195 174 173
e 216 215 194
e 216 195 194
e 237 236 215
e 237 216 215
e 258 257 236
e 258 237 236
e 279 278 257
e 279 258 257
e 300 299 278
e 300 279 278
e 321 320 299
e 321 300 299
e 342 341 320
e 342 321 320
e 363 362 341
e 363 342 341
e 384 383 362
e 384 363 362
e 405 404 383
e 405 384 383
e 426 425 404
e 426 405 404
e 28 27 6
e 28 7 6
e 49 48 27
e 49 28 27
e 70 69 48
e 70 49 48
e 91 90 69
e 91 70 69
e 112 111 90
e 112 91 90
e 133 132 111
e 133 112 111
e 154 153 132
e 154 133 132
e 175 174 153
e 175 154 153
e 196 195 174
e 196 175 174
e 217 216 195
e 217 196 195
e 238 237 216
e 238 217 216
e 259 258 237
e 259 238 237
e 280 279 258
e 280 259 258
e 301 300 279
e 301 280 279
e 322 321 300
e 322 301 300
e 343 342 321
e 343 322 321
e 364 363 342
e 364 343 342
e 385 384 363
e 385 364 363
e 406 405 384
e 406 385 384
e 427 426 405
e 427 406 405
e 29 28 7
e 29 8 7
e 50 49 28
e 50 29 28
e 71 70 49
e 71 50 49
e 92 91 70
e 92 71 70
e 113 112 91
e 113 92 91
e 134 133 112
e 134 113 112
e 155 154 133
e 155 134 133
e 176 175 154
e 176 155 154
e 197 196 175
e 197 176 175
e 218 217 196
e 218 197 196
e 239 238 217
e 239 218 217
e 260 259 238
e 260 239 238
e 281 280 259
e 281 260 259
e 302 301 280
e 302 281 280
e 323 322 301
e 323 302 301
e 344 343 322
e 344 323 322
e 365 364 343
e 365 344 343
e 386 385 364
e 386 365 364
e 407 406 385
e 407 386 385
e 428 427 406
e 428 407 406
e 30 29 8
e 30 9 8
e 51 50 29
e 51 30 29
e 72 71 50
e 72 51 50
e 93 92 71
e 93 72 71
e 114 113 92
e 114 93 92
e 135 134 113
e 135 114 113
e 156 155 134
e 156 135 134
e 177 176 155
e 177 156 155
e 198 197 176
e 198 177 176
e 219 218 197
e 219 198 197
e 240 239 218
e 240 219 218
e 261 260 239
e 261 240 239
e 282 281 260
e 282 261 260
e 303 302 281
e 303 282 281
e 324 323 302
e 324 303 302
e 345 344 323
e 345 324 323
e 366 365 344
e 366 345 344
e 387 386 365
e 387 366 365
e 408 407 386
e 408 387 386
e 429 428 407
e 429 408 407
e 31 30 9
e 31 10 9
e 52 51 30
e 52 31 30
e 73 72 51
e 73 52 51
e 94 93 72
e 94 73 72
e 115 114 93
e 115 94 93
e 136 135 114
e 136 115 114
e 157 156 135
e 157 136 135
e 178 177 156
e 178 157 156
e 199 198 177
e 199 178 177
e 220 219 198
e 220 199 198
e 241 240 219
e 241 220 219
e 262 261 240
e 262 241 240
e 283 282 261
e 283 262 261
e 304 303 282
e 304 283 282
e 325 324 303
e 325 304 303
e 346 345 324
e 346 325 324
e 367 366 345
e 367 346 345
e 388 387 366
e 388 367 366
e 409 408 387
e 409 388 387
e 430 429 408
e 430 409 408
e 32 31 10
e 32 11 10
e 53 52 31
e 53 32 31
e 74 73 52
e 74 53 52
e 95 94 73
e 95 74 73
e 116 115 94
e 116 95 94
e 137 136 115
e 137 116 115
e 158 157 136
e 158 137 136
e 179 178 157
e 179 158 157
e 200 199 178
e 200 179 178
e 221 220 199
e 221 200 199
e 242 241 220
e 242 221 220
e 263 262 241
e 263 242 241
e 284 283 262
e 284 263 262
e 305 304 283
e 305 284 283
e 326 325 304
e 326 305 304
e 347 346 325
e 347 326 325
e 368 367 346
e 368 347 346
e 389 388 367
e 389 368 367
e 410 409 388
e 410 389 388
e 431 430 409
e 431 410 409
e 33 32 11
e 33 12 11
e 54 53 32
e 54 33 32
e 75 74 53
e 75 54 53
e 96 95 74
e 96 75 74
e 117 116 95
e 117 96 95
e 138 137 116
e 138 117 116
e 159 158 137
e 159 138 137
e 180 179 158
e 180 159 158
e 201 200 179
e 201 180 179
e 222 221 200
e 222 201 200
e 243 242 221
e 243 222 221
e 264 263 242
e 264 243 242
e 285 284 263
e 285 264 263
e 306 305 284
e 306 285 284
e 327 326 305
e 327 306 305
e 348 347 326
e 348 327 326
e 369 368 347
e 369 348 347
e 390 389 368
e 390 369 368
e 411 410 389
e 411 390 389
e 432 431 410
e 432 411 410
e 34 33 12
e 34 13 12
e 55 54 33
e 55 34 33
e 76 75 54
e 76 55 54
e 97 96 75
e 97 76 75
e 118 117 96
e 118 97 96
e 139 138 117
e 139 118 117
e 160 159 138
e 160 139 138
e 181 180 159
e 181 160 159
e 202 201 180
e 202 181 180
e 223 222 201
e 223 202 201
e 244 243 222
e 244 223 222
e 265 264 243
e 265 244 243
e 286 285 264
e 286 265 264
e 307 306 285
e 307 286 285
e 328 327 306
e 328 307 306
e 349 348 327
e 349 328 327
e 370 369 348
e 370 349 348
e 391 390 369
e 391 370 369
e 412 411 390
e 412 391 390
e 433 432 411
e 433 412 411
e 35 34 13
e 35 14 13
e 56 55 34
e 56 35 34
e 77 76 55
e 77 56 55
e 98 97 76
e 98 77 76
e 119 118 97
e 119 98 97
e 140 139 118
e 140 119 118
e 161 160 139
e 161 140 139
e 182 181 160
e 182 161 160
e 203 202 181
e 203 182 181
e 224 223 202
e 224 203 202
e 245 244 223
e 245 224 223
e 266 265 244
e 266 245 244
e 287 286 265
e 287 266 265
e 308 307 286
e 308 287 286
e 329 328 307
e 329 308 307
e 350 349 328
e 350 329 328
e 371 370 349
e 371 350 349
e 392 391 370
e 392 371 370
e 413 412 391
e 413 392 391
e 434 433 412
e 434 413 412
e 36 35 14
e 36 15 14
e 57 56 35
e 57 36 35
e 78 77 56
e 78 57 56
e 99 98 77
e 99 78 77
e 120 119 98
e 120 99 98
e 141 140 119
e 141 120 119
e 162 161 140
e 162 141 140
e 183 182 161
e 183 162 161
e 204 203 182
e 204 183 182
e 225 224 203
e 225 204 203
e 246 245 224
e 246 225 224
e 267 266 245
e 267 246 245
e 288 287 266
e 288 267 266
e 309 308 287
e 309 288 287
e 330 329 308
e 330 309 308
e 351 350 329
e 351 330 329
e 372 371 350
e 372 351 350
e 393 392 371
e 393 372 371
e 414 413 392
e 414 393 392
e 435 434 413
e 435 414 413
e 37 36 15
e 37 16 15
e 58 57 36
e 58 37 36
e 79 78 57
e 79 58 57
e 100 99 78
e 100 79 78
e 121 120 99
e 121 100 99
e 142 141 120
e 142 121 120
e 163 162 141
e 163 142 141
e 184 183 162
e 184 163 162
e 205 204 183
e 205 184 183
e 226 225 204
e 226 205 204
e 247 246 225
e 247 226 225
e 268 267 246
e 268 247 246
e 289 288 267
e 289 268 267
e 310 309 288
e 310 289 288
e 331 330 309
e 331 310 309
e 352 351 330
e 352 331 330
e 373 372 351
e 373 352 351
e 394 393 372
e 394 373 372
e 415 414 393
e 415 394 393
e 436 435 414
e 436 415 414
e 38 37 16
e 38 17 16
e 59 58 37
e 59 38 37
e 80 79 58
e 80 59 58
e 101 100 79
e 101 80 79
e 122 121 100
e 122 101 100
e 143 142 121
e 143 122 121
e 164 163 142
e 164 143 142
e 185 184 163
e 185 164 163
e 206 205 184
e 206 185 184
e 227 226 205
e 227 206 205
e 248 247 226
e 248 227 226
e 269 268 247
e 269 248 247
e 290 289 268
e 290 269 268
e 311 310 289
e 311 290 289
e 332 331 310
e 332 311 310
e 353 352 331
e 353 332 331
e 374 373 352
e 374 353 352
e 395 394 373
e 395 374 373
e 416 415 394
e 416 395 394
e 437 436 415
e 437 416 415
e 39 38 17
e 39 18 17
e 60 59 38
e 60 39 38
e 81 80 59
e 81 60 59
e 102 101 80
e 102 81 80
e 123 122 101
e 123 102 101
e 144 143 122
e 144 123 122
e 165 164 143
e 165 144 143
e 186 185 164
e 186 165 164
e 207 206 185
e 207 186 185
e 228 227 206
e 228 207 206
e 249 248 227
e 249 228 227
e 270 269 248
e 270 249 248
e 291 290 269
e 291 270 269
e 312 311 290
e 312 291 290
e 333 332 311
e 333 312 311
e 354 353 332
e 354 333 332
e 375 374 353
e 375 354 353
e 396 395 374
e 396 375 374
e 417 416 395
e 417 396 395
e 438 437 416
e 438 417 416
e 40 39 18
e 40 19 18
e 61 60 39
e 61 40 39
e 82 81 60
e 82 61 60
e 103 102 81
e 103 82 81
e 124 123 102
e 124 103 102
e 145 144 123
e 145 124 123
e 166 165 144
e 166 145 144
e 187 186 165
e 187 166 165
e 208 207 186
e 208 187 186
e 229 228 207
e 229 208 207
e 250 249 228
e 250 229 228
e 271 270 249
e 271 250 249
e 292 291 270
e 292 271 270
e 313 312 291
e 313 292 291
e 334 333 312
e 334 313 312
e 355 354 333
e 355 334 333
e 376 375 354
e 376 355 354
e 397 396 375
e 397 376 375
e 418 417 396
e 418 397 396
e 439 438 417
e 439 418 417
e 41 40 19
e 41 20 19
e 62 61 40
e 62 41 40
e 83 82 61
e 83 62 61
e 104 103 82
e 104 83 82
e 125 124 103
e 125 104 103
e 146 145 124
e 146 125 124
e 167 166 145
e 167 146 145
e 188 187 166
e 188 167 166
e 209 208 187
e 209 188 187
e 230 229 208
e 230 209 208
e 251 250 229
e 251 230 229
e 272 271 250
e 272 251 250
e 293 292 271
e 293 272 271
e 314 313 292
e 314 293 292
e 335 334 313
e 335 314 313
e 356 355 334
e 356 335 334
e 377 376 355
e 377 356 355
e 398 397 376
e 398 377 376
e 419 418 397
e 419 398 397
e 440 439 418
e 440 419 418
e 42 41 20
e 42 21 20
e 63 62 41
e 63 42 41
e 84 83 62
e 84 63 62
e 105 104 83
e 105 84 83
e 126 125 104
e 126 105 104
e 147 146 125
e 147 126 125
e 168 167 146
e 168 147 146
e 189 188 167
e 189 168 167
e 210 209 188
e 210 189 188
e 231 230 209
e 231 210 209
e 252 251 230
e 252 231 230
e 273 272 251
e 273 252 251
e 294 293 272
e 294 273 272
e 315 314 293
e 315 294 293
e 336 335 314
e 336 315 314
e 357 356 335
e 357 336 335
e 378 377 356
e 378 357 356
e 399 398 377
e 399 378 377
e 420 419 398
e 420 399 398
e 441 440 419
e 441 420 419
