p 0 5 9
p 0 9 9
p 0 9 5
p 0 5 5
p 2 5 11
p 2 9 11
p 2 11 9
p 2 11 5
p 2 9 3
p 2 5 3
p 2 3 5
p 2 3 9
p -2 0 14
p -2 0 0
p 2 15 9
p 2 16 8
p 2 16 6
p 2 15 5
p 0 15 8
p 0 15 6
p 0.5 9 8
p 0.5 9 6
p -0.5 6 8
p -0.5 8 8
p -0.5 8 6
p -0.5 6 6

e 1 2 6
e 4 3 9
e 1 5 6
e 4 9 10
e 1 5 12
e 4 10 11
e 1 12 11
e 4 11 1
e 6 2 7
e 3 8 9
e 2 3 8
e 2 7 8
e 12 13 5
e 5 13 6
e 11 14 10
e 9 14 10
e 8 7 15
e 8 15 16
e 8 16 17
e 8 17 18

e 15 16 19
e 20 17 18
e 20 19 16
e 20 17 16
e 20 22 19
e 21 22 19
e 21 7 15
e 21 15 19
e 22 8 18
e 22 18 20

e 1 23 24
e 1 24 2
e 1 23 26
e 1 26 4
e 3 25 24
e 3 24 2
e 3 25 26
e 3 26 4
e 23 24 25
e 23 26 25